1162227666.000000000 1162227726.000000000
1162227726.000000000 1162227786.000000000
1162227786.000000000 1162227846.000000000
1162227846.000000000 1162227906.000000238
1162227906.000000238 1162227966.000000000
1162227966.000000000 1162228026.000000000
1162228026.000000000 1162228086.000000000
1162228086.000000000 1162228146.000000238
1162228146.000000238 1162228206.000000000
1162228206.000000000 1162228266.000000000
1162228266.000000000 1162228326.000000000
1162228326.000000000 1162228386.000000238
1162228386.000000238 1162228446.000000000
1162228446.000000000 1162228506.000000000
1162228506.000000000 1162228566.000000000
1162228566.000000000 1162228626.000000238
1162228626.000000238 1162228686.000000000
1162228686.000000000 1162228746.000000000
1162228746.000000000 1162228806.000000000
1162228806.000000000 1162228866.000000000
1162228866.000000000 1162228926.000000000
1162228926.000000000 1162228986.000000000
1162228986.000000000 1162229046.000000000
1162229046.000000000 1162229106.000000000
1162229106.000000000 1162229166.000000000
1162229166.000000000 1162229226.000000000
1162229226.000000000 1162229286.000000000
1162229286.000000000 1162229346.000000000
1162229346.000000000 1162229406.000000000
1162229406.000000000 1162229466.000000000
1162229466.000000000 1162229526.000000000
1162229526.000000000 1162229586.000000000
1162229586.000000000 1162229646.000000000
1162229646.000000000 1162229706.000000000
1162229706.000000000 1162229766.000000000
1162229766.000000000 1162229826.000000000
1162229826.000000000 1162229886.000000000
1162229886.000000000 1162229946.000000000
1162229946.000000000 1162230006.000000000
1162230006.000000000 1162230066.000000000
1162230066.000000000 1162230126.000000000
1162230126.000000000 1162230186.000000000
1162230186.000000000 1162230246.000000000
1162230246.000000000 1162230306.000000000
1162230306.000000000 1162230366.000000000
1162230366.000000000 1162230426.000000000
1162230426.000000000 1162230486.000000000
1162230486.000000000 1162230546.000000000
1162230546.000000000 1162230606.000000238
1162230606.000000238 1162230666.000000000
1162230666.000000000 1162230726.000000000
1162230726.000000000 1162230786.000000000
1162230786.000000000 1162230846.000000238
1162230846.000000238 1162230906.000000000
1162230906.000000000 1162230966.000000000
1162230966.000000000 1162231026.000000000
1162231026.000000000 1162231086.000000238
1162231086.000000238 1162231146.000000000
1162231146.000000000 1162231206.000000000
1162231206.000000000 1162231266.000000000
